20 10
9 67 63 48 90 82 63 11 62 7
73 53 13 19 86 90 18 25 76 96
53 51 42 74 65 3 41 38 33 52
10 3 43 6 40 62 38 24 84 20
60 7 34 33 48 78 33 96 33 99
68 8 47 63 43 12 40 8 28 43
10 66 44 31 84 68 99 93 43 45
77 16 33 26 52 8 8 16 49 38
83 56 18 38 53 49 12 58 86 35
45 55 5 35 19 22 49 90 45 11
10 89 17 55 95 89 23 75 13 78
29 52 50 90 92 26 81 80 3 54
7 8 88 61 97 58 77 74 2 48
32 60 85 52 24 45 57 48 15 76
19 92 69 15 11 95 68 49 79 44
27 69 89 90 24 46 57 48 69 98
47 29 10 97 58 93 46 17 89 39
41 57 57 6 49 9 29 83 11 71
35 9 89 45 40 9 91 12 41 64
12 9 19 71 31 65 45 66 26 51
